y [1,1,*,*]
:      Euler MVF21 MVF22 MVF23 MVF26 MVF31 MVF32 MVF33 MVH11 MVH12 Pascal    :=
LGMA10    0     0     0     0     0     1     0     0     0     0     0
MMA421    0     0     0     0     0     0     0     0     0     0     0
MMA511    0     0     0     0     0     0     0     0     0     0     0
MMG300    0     0     0     0     0     0     0     0     0     0     0
MMG500    0     0     0     0     0     0     0     0     0     0     0
MMG720    0     0     0     0     0     0     0     0     0     0     0
MMG800    0     0     0     0     0     0     0     0     0     0     0
MMGF20    0     0     0     0     0     0     0     0     0     0     0
MMGF30    0     0     0     0     0     0     0     0     0     0     0
MMGK11    0     0     0     0     0     0     0     0     0     0     0
MMGL31    0     0     0     0     0     0     0     0     0     0     0
MSA200    0     0     0     0     0     0     0     0     0     0     0
MSG200    0     0     0     0     0     0     0     0     0     0     0
MSG830    0     0     0     0     0     0     0     0     0     0     0
MVG300    0     0     0     0     0     0     0     0     0     0     0

 [1,2,*,*]
:      Euler MVF21 MVF22 MVF23 MVF26 MVF31 MVF32 MVF33 MVH11 MVH12 Pascal    :=
LGMA10    0     0     0     0     0     1     0     0     0     0     0
MMA421    0     0     0     0     0     0     0     0     0     0     0
MMA511    0     0     0     0     0     0     0     0     0     0     0
MMG300    0     0     0     0     0     0     0     0     0     0     0
MMG500    0     0     0     0     0     0     0     0     0     0     0
MMG720    0     0     0     0     0     0     0     0     0     0     0
MMG800    0     0     0     0     0     0     0     0     0     0     0
MMGF20    0     0     0     0     0     0     0     0     0     0     0
MMGF30    0     0     0     0     0     0     0     0     0     0     0
MMGK11    0     0     0     0     0     0     0     0     0     0     0
MMGL31    0     0     0     0     0     0     0     0     0     0     0
MSA200    0     0     0     0     0     0     0     0     0     0     0
MSG200    0     0     0     0     0     0     0     0     0     0     0
MSG830    0     0     0     0     0     0     0     0     0     0     0
MVG300    0     0     0     0     0     0     0     0     0     0     0

 [1,3,*,*]
:      Euler MVF21 MVF22 MVF23 MVF26 MVF31 MVF32 MVF33 MVH11 MVH12 Pascal    :=
LGMA10    0     0     0     0     0     0     0     0     0     0     0
MMA421    0     0     0     0     0     0     0     0     0     0     0
MMA511    0     0     0     0     0     0     0     0     0     0     0
MMG300    0     0     0     0     0     0     0     0     0     0     0
MMG500    0     0     0     0     0     0     0     0     0     0     0
MMG720    0     0     0     0     0     0     0     0     0     0     0
MMG800    0     0     0     0     0     0     0     0     0     0     0
MMGF20    0     0     0     0     0     1     0     0     0     0     0
MMGF30    0     0     0     0     0     0     0     0     0     0     0
MMGK11    0     1     0     0     0     0     0     0     1     0     0
MMGL31    0     0     0     0     1     0     0     0     0     0     0
MSA200    0     0     0     0     0     0     0     0     0     1     0
MSG200    0     0     0     0     0     0     0     0     0     0     0
MSG830    0     0     0     0     0     0     0     0     0     0     0
MVG300    0     0     0     0     0     0     0     0     0     0     0

 [1,4,*,*]
:      Euler MVF21 MVF22 MVF23 MVF26 MVF31 MVF32 MVF33 MVH11 MVH12 Pascal    :=
LGMA10    0     0     0     0     0     0     0     0     0     0     0
MMA421    0     0     0     0     0     0     0     0     0     0     0
MMA511    0     0     0     0     0     0     0     0     0     0     0
MMG300    0     0     0     0     0     0     0     0     0     0     0
MMG500    0     0     0     0     0     0     0     0     0     0     0
MMG720    0     0     0     0     0     0     0     0     0     0     0
MMG800    0     0     0     0     0     0     0     0     0     0     0
MMGF20    0     0     0     0     0     0     0     0     0     0     0
MMGF30    0     0     0     0     0     0     0     0     0     0     0
MMGK11    0     0     0     0     0     0     0     0     0     0     0
MMGL31    0     0     0     0     0     0     0     0     0     0     0
MSA200    0     0     0     0     0     0     0     0     0     0     0
MSG200    0     0     0     0     0     0     0     0     0     0     0
MSG830    0     0     0     0     0     0     0     0     0     0     0
MVG300    0     0     0     0     0     0     0     0     0     0     0

 [2,1,*,*]
:      Euler MVF21 MVF22 MVF23 MVF26 MVF31 MVF32 MVF33 MVH11 MVH12 Pascal    :=
LGMA10    0     0     0     0     0     1     0     0     0     0     0
MMA421    0     0     0     0     0     0     0     0     0     0     0
MMA511    0     0     0     0     0     0     0     0     0     0     0
MMG300    0     0     0     0     0     0     0     0     0     0     0
MMG500    0     0     0     0     0     0     0     0     0     0     0
MMG720    0     0     0     0     0     0     0     0     0     0     0
MMG800    0     0     0     0     0     0     0     0     0     0     0
MMGF20    0     0     0     0     0     0     0     0     0     0     0
MMGF30    0     0     0     0     0     0     0     0     0     0     0
MMGK11    0     0     0     0     0     0     0     0     0     0     0
MMGL31    0     0     0     0     1     0     0     0     0     0     0
MSA200    0     0     0     0     0     0     0     0     0     0     0
MSG200    0     0     0     0     0     0     0     0     0     0     0
MSG830    0     0     0     0     0     0     0     0     0     0     0
MVG300    0     0     0     0     0     0     0     0     0     0     0

 [2,2,*,*]
:      Euler MVF21 MVF22 MVF23 MVF26 MVF31 MVF32 MVF33 MVH11 MVH12 Pascal    :=
LGMA10    0     0     0     0     0     1     0     0     0     0     0
MMA421    0     0     0     0     0     0     0     0     0     0     0
MMA511    0     0     0     0     0     0     0     0     0     0     0
MMG300    0     0     0     0     0     0     0     0     0     0     0
MMG500    0     0     0     0     0     0     0     0     0     0     0
MMG720    0     0     0     0     0     0     0     0     0     0     0
MMG800    0     0     0     0     0     0     0     0     0     0     0
MMGF20    0     0     0     0     0     0     0     0     0     0     0
MMGF30    0     0     0     0     0     0     0     0     0     0     0
MMGK11    0     0     0     0     0     0     0     0     0     0     0
MMGL31    0     0     0     0     0     0     0     0     0     0     0
MSA200    0     0     0     0     0     0     0     0     0     0     0
MSG200    0     0     0     0     0     0     0     0     0     0     0
MSG830    0     0     0     0     0     0     0     0     0     0     0
MVG300    0     0     0     0     0     0     0     0     0     0     0

 [2,3,*,*]
:      Euler MVF21 MVF22 MVF23 MVF26 MVF31 MVF32 MVF33 MVH11 MVH12 Pascal    :=
LGMA10    0     0     0     0     0     0     0     0     0     0     0
MMA421    0     0     0     0     0     0     0     0     0     0     0
MMA511    0     0     0     0     0     0     0     0     0     0     0
MMG300    0     0     0     0     0     0     0     0     0     1     0
MMG500    0     0     0     1     0     0     1     0     0     0     0
MMG720    0     1     0     0     0     0     0     0     0     0     0
MMG800    0     0     0     0     0     0     0     0     0     0     0
MMGF20    0     0     0     0     0     0     0     0     0     0     0
MMGF30    0     0     0     0     0     0     0     0     0     0     0
MMGK11    0     0     0     0     0     0     0     0     0     0     0
MMGL31    0     0     0     0     1     0     0     0     0     0     0
MSA200    0     0     0     0     0     0     0     0     0     0     0
MSG200    0     0     0     0     0     0     0     0     0     0     0
MSG830    0     0     0     0     0     0     0     0     0     0     0
MVG300    0     0     0     0     0     0     0     0     0     0     0

 [2,4,*,*]
:      Euler MVF21 MVF22 MVF23 MVF26 MVF31 MVF32 MVF33 MVH11 MVH12 Pascal    :=
LGMA10    0     0     0     0     0     0     0     0     0     0     0
MMA421    0     0     0     0     0     0     0     0     0     0     0
MMA511    0     0     0     0     0     0     0     0     0     0     0
MMG300    0     0     0     0     0     0     0     0     0     0     0
MMG500    0     0     0     0     0     0     0     0     0     0     0
MMG720    0     0     0     0     0     0     0     0     0     0     0
MMG800    0     0     0     0     0     0     0     0     0     0     0
MMGF20    0     0     0     0     0     0     0     0     0     0     0
MMGF30    0     0     0     0     0     0     0     0     0     0     0
MMGK11    0     0     0     0     0     0     0     0     0     0     0
MMGL31    0     0     0     0     0     0     0     0     0     0     0
MSA200    0     0     0     0     0     0     0     0     0     0     0
MSG200    0     0     0     0     0     0     0     0     0     0     0
MSG830    0     0     0     0     0     0     0     0     0     0     0
MVG300    0     0     0     0     0     0     0     0     0     0     0

 [3,1,*,*]
:      Euler MVF21 MVF22 MVF23 MVF26 MVF31 MVF32 MVF33 MVH11 MVH12 Pascal    :=
LGMA10    0     0     0     0     0     0     0     0     0     0     0
MMA421    0     0     0     0     0     0     0     0     0     0     0
MMA511    0     0     0     0     0     0     0     0     0     0     0
MMG300    0     0     0     0     0     0     0     0     0     0     0
MMG500    0     0     0     0     0     0     0     0     0     0     0
MMG720    0     0     0     0     0     0     0     0     0     0     0
MMG800    0     0     0     0     0     0     0     0     0     0     0
MMGF20    0     0     0     0     0     0     0     0     0     0     0
MMGF30    0     0     0     0     0     0     0     0     0     0     0
MMGK11    0     0     0     0     0     0     0     0     0     0     0
MMGL31    0     0     0     0     0     0     0     0     0     0     0
MSA200    0     0     0     0     0     0     0     0     0     0     0
MSG200    0     0     0     0     0     0     0     0     0     0     0
MSG830    0     0     0     0     0     0     0     0     0     0     0
MVG300    0     0     0     0     0     0     0     0     0     0     0

 [3,2,*,*]
:      Euler MVF21 MVF22 MVF23 MVF26 MVF31 MVF32 MVF33 MVH11 MVH12 Pascal    :=
LGMA10    0     0     0     0     0     0     0     0     0     0     0
MMA421    0     0     0     0     0     0     0     0     0     0     0
MMA511    0     0     0     0     0     0     0     0     0     0     0
MMG300    0     0     0     0     0     0     0     0     0     0     0
MMG500    0     0     0     0     0     0     0     0     0     0     0
MMG720    0     0     0     0     0     0     0     0     0     0     0
MMG800    0     0     0     0     0     0     0     0     0     0     0
MMGF20    0     0     0     0     0     0     0     0     0     0     0
MMGF30    0     0     0     0     0     0     0     0     0     0     0
MMGK11    0     0     0     0     0     0     0     0     0     0     0
MMGL31    0     0     0     0     1     0     0     0     0     0     0
MSA200    0     0     0     0     0     0     0     0     0     0     0
MSG200    0     0     0     0     0     0     0     0     0     0     0
MSG830    0     0     0     0     0     0     0     1     0     0     0
MVG300    0     0     0     0     0     0     0     0     0     0     0

 [3,3,*,*]
:      Euler MVF21 MVF22 MVF23 MVF26 MVF31 MVF32 MVF33 MVH11 MVH12 Pascal    :=
LGMA10    0     0     0     0     0     0     0     0     0     0     0
MMA421    0     0     0     0     0     0     0     0     0     0     0
MMA511    0     0     0     0     0     0     0     0     0     0     0
MMG300    0     0     0     0     0     0     0     0     0     0     0
MMG500    0     0     0     0     0     0     0     0     0     0     0
MMG720    0     0     0     0     0     0     0     0     0     0     0
MMG800    0     0     0     0     0     0     0     0     0     0     0
MMGF20    0     0     0     0     0     0     0     0     0     0     0
MMGF30    0     0     0     0     0     0     0     0     0     0     0
MMGK11    0     1     0     0     0     0     0     0     1     0     0
MMGL31    0     0     0     0     0     0     0     0     0     0     0
MSA200    0     0     0     0     0     0     0     0     0     0     0
MSG200    0     0     0     0     0     0     0     0     0     0     0
MSG830    0     0     0     0     0     0     0     0     0     0     0
MVG300    0     0     0     0     0     0     0     0     0     0     0

 [3,4,*,*]
:      Euler MVF21 MVF22 MVF23 MVF26 MVF31 MVF32 MVF33 MVH11 MVH12 Pascal    :=
LGMA10    0     0     0     0     0     0     0     0     0     0     0
MMA421    0     0     0     0     0     0     0     0     0     0     0
MMA511    0     0     0     0     0     0     0     0     0     0     0
MMG300    0     0     0     0     0     0     0     0     0     0     0
MMG500    0     0     0     0     0     0     0     0     0     0     0
MMG720    0     0     0     0     0     0     0     0     0     0     0
MMG800    0     0     0     0     0     0     0     0     0     0     0
MMGF20    0     0     0     0     0     0     0     0     0     0     0
MMGF30    0     0     0     0     0     0     0     0     0     0     0
MMGK11    0     0     0     0     0     0     0     0     0     0     0
MMGL31    0     0     0     0     0     0     0     0     0     0     0
MSA200    0     0     0     0     0     0     0     0     0     0     0
MSG200    0     0     0     0     0     1     0     0     0     0     0
MSG830    0     0     0     0     0     0     0     0     0     0     0
MVG300    0     0     0     0     0     0     0     0     0     0     0

 [4,1,*,*]
:      Euler MVF21 MVF22 MVF23 MVF26 MVF31 MVF32 MVF33 MVH11 MVH12 Pascal    :=
LGMA10    0     0     0     0     0     1     0     0     0     0     0
MMA421    0     0     0     0     0     0     0     0     0     0     0
MMA511    0     0     0     0     0     0     0     0     0     0     0
MMG300    0     0     0     0     0     0     0     0     0     0     0
MMG500    0     0     0     0     0     0     0     0     0     0     0
MMG720    0     0     0     0     0     0     0     0     0     0     0
MMG800    0     0     0     0     0     0     0     0     0     0     0
MMGF20    0     0     0     0     0     0     0     0     0     0     0
MMGF30    0     0     0     0     0     0     0     0     0     0     0
MMGK11    0     0     0     0     0     0     0     0     0     0     0
MMGL31    0     0     0     0     0     0     0     0     0     0     0
MSA200    0     0     0     0     0     0     0     0     0     0     0
MSG200    0     0     0     0     0     0     0     0     0     0     0
MSG830    0     0     0     0     0     0     0     0     0     0     0
MVG300    0     0     0     0     0     0     0     0     0     0     0

 [4,2,*,*]
:      Euler MVF21 MVF22 MVF23 MVF26 MVF31 MVF32 MVF33 MVH11 MVH12 Pascal    :=
LGMA10    0     0     0     0     0     1     0     0     0     0     0
MMA421    0     0     0     0     0     0     0     0     0     0     0
MMA511    0     0     0     0     0     0     0     0     0     0     0
MMG300    0     0     0     0     0     0     0     0     0     0     0
MMG500    0     0     0     0     0     0     0     0     0     0     0
MMG720    0     0     0     0     0     0     0     0     0     0     0
MMG800    0     0     0     0     0     0     0     0     0     0     0
MMGF20    0     0     0     0     0     0     0     0     0     0     0
MMGF30    0     0     0     0     0     0     0     0     0     0     0
MMGK11    0     0     0     0     0     0     0     0     0     0     0
MMGL31    0     0     0     0     0     0     0     0     0     0     0
MSA200    0     0     0     0     0     0     0     0     0     0     0
MSG200    0     0     0     0     0     0     0     0     0     0     0
MSG830    0     0     0     0     0     0     0     0     0     0     0
MVG300    0     0     0     0     0     0     0     0     0     0     0

 [4,3,*,*]
:      Euler MVF21 MVF22 MVF23 MVF26 MVF31 MVF32 MVF33 MVH11 MVH12 Pascal    :=
LGMA10    0     0     0     0     0     0     0     0     0     0     0
MMA421    0     0     0     0     0     0     0     0     0     0     0
MMA511    0     0     0     0     0     0     0     0     0     0     0
MMG300    0     0     0     0     0     0     0     0     0     1     0
MMG500    0     0     0     1     0     0     1     0     0     0     0
MMG720    0     0     0     0     0     0     0     0     0     0     0
MMG800    0     0     0     0     0     0     0     0     0     0     0
MMGF20    0     0     0     0     0     1     0     0     0     0     0
MMGF30    0     0     0     0     0     0     0     0     0     0     0
MMGK11    0     1     0     0     0     0     0     0     1     0     0
MMGL31    0     0     0     0     0     0     0     0     0     0     0
MSA200    0     0     0     0     0     0     0     0     0     0     0
MSG200    0     0     0     0     0     0     0     0     0     0     0
MSG830    0     0     0     0     0     0     0     0     0     0     0
MVG300    0     0     0     0     0     0     0     0     0     0     0

 [4,4,*,*]
:      Euler MVF21 MVF22 MVF23 MVF26 MVF31 MVF32 MVF33 MVH11 MVH12 Pascal    :=
LGMA10    0     0     0     0     0     0     0     0     0     0     0
MMA421    0     0     0     0     0     0     0     0     0     0     0
MMA511    0     0     0     0     0     0     0     0     0     0     0
MMG300    0     0     0     0     0     0     0     0     0     0     0
MMG500    0     0     0     0     0     0     0     0     0     0     0
MMG720    0     0     0     0     0     0     0     0     0     0     0
MMG800    0     0     0     0     0     0     0     0     0     0     0
MMGF20    0     0     0     0     0     0     0     0     0     0     0
MMGF30    0     0     0     0     0     0     0     0     0     0     0
MMGK11    0     0     0     0     0     0     0     0     0     0     0
MMGL31    0     0     0     0     0     0     0     0     0     0     0
MSA200    0     0     0     0     0     0     0     0     0     0     0
MSG200    0     0     0     0     0     0     0     0     0     0     0
MSG830    0     0     0     0     0     0     0     0     0     0     0
MVG300    0     0     0     0     0     0     0     0     0     0     0

 [5,1,*,*]
:      Euler MVF21 MVF22 MVF23 MVF26 MVF31 MVF32 MVF33 MVH11 MVH12 Pascal    :=
LGMA10    0     0     0     0     0     1     0     0     0     0     0
MMA421    0     0     0     0     0     0     0     0     0     0     0
MMA511    0     0     0     0     0     0     0     0     0     0     0
MMG300    0     0     0     0     0     0     0     0     0     0     0
MMG500    0     0     0     0     0     0     0     0     0     0     0
MMG720    0     0     0     0     0     0     0     0     0     0     0
MMG800    0     0     0     0     0     0     0     0     0     0     0
MMGF20    0     0     0     0     0     0     0     0     0     0     0
MMGF30    0     0     0     0     0     0     0     0     0     0     0
MMGK11    0     0     0     0     0     0     0     0     0     0     0
MMGL31    0     0     0     0     1     0     0     0     0     0     0
MSA200    0     0     0     0     0     0     0     0     0     0     0
MSG200    0     0     0     0     0     0     0     0     0     0     0
MSG830    0     0     0     0     0     0     0     0     0     0     0
MVG300    0     0     0     0     0     0     0     0     0     0     0

 [5,2,*,*]
:      Euler MVF21 MVF22 MVF23 MVF26 MVF31 MVF32 MVF33 MVH11 MVH12 Pascal    :=
LGMA10    0     0     0     0     0     1     0     0     0     0     0
MMA421    0     0     0     0     0     0     0     0     0     0     0
MMA511    0     0     0     0     0     0     0     0     0     0     0
MMG300    0     0     0     0     0     0     0     0     0     0     0
MMG500    0     0     0     0     0     0     0     0     0     0     0
MMG720    0     0     0     0     0     0     0     0     0     0     0
MMG800    0     0     0     0     0     0     0     0     0     0     0
MMGF20    0     0     0     0     0     0     0     0     0     0     0
MMGF30    0     0     0     0     0     0     0     0     0     0     0
MMGK11    0     0     0     0     0     0     0     0     0     0     0
MMGL31    0     0     0     0     0     0     0     0     0     0     0
MSA200    0     0     0     0     0     0     0     0     0     0     0
MSG200    0     0     0     0     0     0     0     0     0     0     0
MSG830    0     0     0     0     0     0     0     0     0     0     0
MVG300    0     0     0     0     0     0     0     0     0     0     0

 [5,3,*,*]
:      Euler MVF21 MVF22 MVF23 MVF26 MVF31 MVF32 MVF33 MVH11 MVH12 Pascal    :=
LGMA10    0     0     0     0     0     0     0     0     0     0     0
MMA421    0     0     0     0     0     0     1     0     0     0     0
MMA511    0     0     0     0     0     0     0     0     0     0     0
MMG300    0     0     0     0     0     0     0     0     0     0     0
MMG500    0     0     0     0     0     0     0     0     0     0     0
MMG720    0     0     0     0     0     0     0     0     0     0     0
MMG800    0     0     0     0     0     0     0     0     0     0     0
MMGF20    0     0     0     0     0     0     0     0     0     0     0
MMGF30    0     0     0     0     0     0     0     0     0     0     0
MMGK11    0     1     0     0     0     0     0     0     1     0     0
MMGL31    0     0     0     0     1     0     0     0     0     0     0
MSA200    0     0     0     0     0     0     0     0     0     0     0
MSG200    0     0     0     0     0     1     0     0     0     0     0
MSG830    0     0     0     0     0     0     0     0     0     0     0
MVG300    0     0     0     0     0     0     0     0     0     0     0

 [5,4,*,*]
:      Euler MVF21 MVF22 MVF23 MVF26 MVF31 MVF32 MVF33 MVH11 MVH12 Pascal    :=
LGMA10    0     0     0     0     0     0     0     0     0     0     0
MMA421    0     0     0     0     0     0     0     0     0     0     0
MMA511    0     0     0     0     0     0     0     0     0     0     0
MMG300    0     0     0     0     0     0     0     0     0     0     0
MMG500    0     0     0     0     0     0     0     0     0     0     0
MMG720    0     0     0     0     0     0     0     0     0     0     0
MMG800    0     0     0     0     0     0     0     0     0     0     0
MMGF20    0     0     0     0     0     0     0     0     0     0     0
MMGF30    0     0     0     0     0     0     0     0     0     0     0
MMGK11    0     0     0     0     0     0     0     0     0     0     0
MMGL31    0     0     0     0     0     0     0     0     0     0     0
MSA200    0     0     0     0     0     0     0     0     0     0     0
MSG200    0     0     0     0     0     0     0     0     0     0     0
MSG830    0     0     0     0     0     0     0     0     0     0     0
MVG300    0     0     0     0     0     0     0     0     0     0     0
;